Token	Hoedanigheid	Plaats - Politieke Entiteit	Persoonsaanduiding	Organisatie	Datum	Resolutieverwijzing	Commissie	Overige Naam	Annotatie
De	O	O	O	O	O	O	O	O
resolutien	O	O	O	O	O	O	O	O
,	O	O	O	O	O	O	O	O
gisteren	O	O	O	O	O	O	O	O
genomen	O	O	O	O	O	O	O	O
,	O	O	O	O	O	O	O	O
sijn	O	O	O	O	O	O	O	O
gelesen	O	O	O	O	O	O	O	O
ende	O	O	O	O	O	O	O	O
geresumeert	O	O	O	O	O	O	O	O
.	O	O	O	O	O	O	O	O
