Token	Hoedanigheid	Plaats - Politieke Entiteit	Persoonsaanduiding	Organisatie	Datum	Resolutieverwijzing	Commissie	Overige Naam	Annotatie
185	O	O	O	O	O	O	O	O
ter	O	O	O	O	O	O	O	O
Vergaderinge	O	O	O	O	O	O	O	O
geleesen	O	O	O	O	O	O	O	O
een	O	O	O	O	O	O	O	O
Memorie	O	O	O	O	O	O	O	O
van	O	O	O	O	O	O	O	O
den	O	O	O	O	O	O	O	O
Heere	O	O	B-PER	O	O	O	O	O	Heere Baron Sporcke, extraordinaris Envoyé van sijne Majesteyt den Koningh van Groot-Brittannien, als Churvorst van Brunswyck - Lunenburgh
Baron	O	O	I-PER	O	O	O	O	O
Sporcke	O	O	I-PER	O	O	O	O	O
,	O	O	I-PER	O	O	O	O	O
extraordinaris	B-HOE	O	I-PER	O	O	O	O	O	extraordinaris Envoyé van sijne Majesteyt den Koningh van Groot-Brittannien, als Churvorst van Brunswyck - Lunenburgh
Envoyé	I-HOE	O	I-PER	O	O	O	O	O
van	I-HOE	O	I-PER	O	O	O	O	O
sijne	B-HOE	O	B-PER	O	O	O	O	O	sijne Majesteyt den Koningh van Groot-Brittannien
Majesteyt	I-HOE	O	I-PER	O	O	O	O	O
den	I-HOE	O	I-PER	O	O	O	O	O
Koningh	I-HOE	O	I-PER	O	O	O	O	O
van	I-HOE	O	I-PER	O	O	O	O	O
Groot-Brittannien	I-HOE	B-LOC	I-PER	O	O	O	O	O	Groot-Brittannien
,	I-HOE	O	I-PER	O	O	O	O	O
als	I-HOE	O	I-PER	O	O	O	O	O
Churvorst	B-HOE	O	I-PER	O	O	O	O	O	Churvorst van Brunswyck - Lunenburgh
van	I-HOE	O	I-PER	O	O	O	O	O
Brunswyck	I-HOE	B-LOC	I-PER	O	O	O	O	O	Brunswyck - Lunenburgh
-	I-HOE	I-LOC	I-PER	O	O	O	O	O
Lunenburgh	I-HOE	I-LOC	I-PER	O	O	O	O	O
;	O	O	O	O	O	O	O	O
dienende	O	O	O	O	O	O	O	O
tot	O	O	O	O	O	O	O	O
antwoord	O	O	O	O	O	O	O	O
op	O	O	O	O	O	O	O	O
haar	O	O	O	O	O	B-RES	O	O	haar Hoogh Mogende Resolutie van den aghtienden der voorleede maand
Hoogh	O	O	O	O	O	I-RES	O	O
Mogende	O	O	O	O	O	I-RES	O	O
Resolutie	O	O	O	O	O	I-RES	O	O
van	O	O	O	O	O	I-RES	O	O
den	O	O	O	O	O	I-RES	O	O
aghtienden	O	O	O	O	B-DAT	I-RES	O	O	aghtienden der voorleede maand
der	O	O	O	O	I-DAT	I-RES	O	O
voorleede	O	O	O	O	I-DAT	I-RES	O	O
maand	O	O	O	O	I-DAT	I-RES	O	O
,	O	O	O	O	O	O	O	O
houdende	O	O	O	O	O	O	O	O
klaghten	O	O	O	O	O	O	O	O
over	O	O	O	O	O	O	O	O
eenige	O	O	O	O	O	O	O	O
excessen	O	O	O	O	O	O	O	O
door	O	O	O	O	O	O	O	O
de	O	O	O	O	O	O	O	O
Hanoversche	O	O	O	B-ORG	O	O	O	O	Hanoversche Trouppes
Trouppes	O	O	O	I-ORG	O	O	O	O
in	O	O	O	O	O	O	O	O
de	O	O	O	O	O	O	O	O
nabunrschap	O	O	O	O	O	O	O	O
van	O	O	O	O	O	O	O	O
Venlo	O	B-LOC	O	O	O	O	O	O	Venlo
gepleeght	O	O	O	O	O	O	O	O
;	O	O	O	O	O	O	O	O
volgende	O	O	O	O	O	O	O	O
de	O	O	O	O	O	O	O	O
voorsz	O	O	O	O	O	O	O	O
Memorie	O	O	O	O	O	O	O	O
hier	O	O	O	O	O	O	O	O
na	O	O	O	O	O	O	O	O
geinsereert	O	O	O	O	O	O	O	O
.	O	O	O	O	O	O	O	O
Hauts	O	O	O	O	O	O	O	O
&	O	O	O	O	O	O	O	O
uissants	O	O	O	O	O	O	O	O
Seigueurs	O	O	O	O	O	O	O	O
.	O	O	O	O	O	O	O	O
JE	O	O	O	O	O	O	O	O
soussigné	O	O	O	O	O	O	O	O
Envoyé	O	O	O	O	O	O	O	O
extraordinaire	O	O	O	O	O	O	O	O
de	O	O	O	O	O	O	O	O
sa	O	O	O	O	O	O	O	O
Majesté	O	O	O	O	O	O	O	O
le	O	O	O	O	O	O	O	O
Roy	O	O	O	O	O	O	O	O
de	O	O	O	O	O	O	O	O
la	O	O	O	O	O	O	O	O
Grande	O	O	O	O	O	O	O	O
Bretagne	O	O	O	O	O	O	O	O
&	O	O	O	O	O	O	O	O
Electeur	O	O	O	O	O	O	O	O
de	O	O	O	O	O	O	O	O
Brunswic	O	O	O	O	O	O	O	O
&	O	O	O	O	O	O	O	O
&	O	O	O	O	O	O	O	O
Lunenbourg	O	O	O	O	O	O	O	O
,	O	O	O	O	O	O	O	O
n'avant	O	O	O	O	O	O	O	O
pas	O	O	O	O	O	O	O	O
manqué	O	O	O	O	O	O	O	O
d'envoyer	O	O	O	O	O	O	O	O
à	O	O	O	O	O	O	O	O
sa	O	O	O	O	O	O	O	O
Cour	O	O	O	O	O	O	O	O
la	O	O	O	O	O	O	O	O
Resolution	O	O	O	O	O	O	O	O
de	O	O	O	O	O	O	O	O
Vos	O	O	O	O	O	O	O	O
Hautes	O	O	O	O	O	O	O	O
Puissances	O	O	O	O	O	O	O	O
du	O	O	O	O	O	O	O	O
18	O	O	O	O	O	O	O	O
doût	O	O	O	O	O	O	O	O
dernier	O	O	O	O	O	O	O	O
,	O	O	O	O	O	O	O	O
portant	O	O	O	O	O	O	O	O
plaintes	O	O	O	O	O	O	O	O
au	O	O	O	O	O	O	O	O
Sujet	O	O	O	O	O	O	O	O
de	O	O	O	O	O	O	O	O
quelques	O	O	O	O	O	O	O	O
desordres	O	O	O	O	O	O	O	O
commis	O	O	O	O	O	O	O	O
dans	O	O	O	O	O	O	O	O
le	O	O	O	O	O	O	O	O
voisinage	O	O	O	O	O	O	O	O
de	O	O	O	O	O	O	O	O
Venlo	O	O	O	O	O	O	O	O
,	O	O	O	O	O	O	O	O
par	O	O	O	O	O	O	O	O
quelques	O	O	O	O	O	O	O	O
Gens	O	O	O	O	O	O	O	O
de	O	O	O	O	O	O	O	O
guerre	O	O	O	O	O	O	O	O
de	O	O	O	O	O	O	O	O
l	O	O	O	O	O	O	O	O
'	O	O	O	O	O	O	O	O
Armée	O	O	O	O	O	O	O	O
de	O	O	O	O	O	O	O	O
sa	O	O	O	O	O	O	O	O
Majesté	O	O	O	O	O	O	O	O
,	O	O	O	O	O	O	O	O
sous	O	O	O	O	O	O	O	O
les	O	O	O	O	O	O	O	O
otdres	O	O	O	O	O	O	O	O
de	O	O	O	O	O	O	O	O
son	O	O	O	O	O	O	O	O
Altesse	O	O	O	O	O	O	O	O
Serenigime	O	O	O	O	O	O	O	O
,	O	O	O	O	O	O	O	O
le	O	O	O	O	O	O	O	O
Duc	O	O	O	O	O	O	O	O
Ferdinand	O	O	O	O	O	O	O	O
de	O	O	O	O	O	O	O	O
Brunswic	O	O	O	O	O	O	O	O
&	O	O	O	O	O	O	O	O
Lunenbourg	O	O	O	O	O	O	O	O
;	O	O	O	O	O	O	O	O
ayant	O	O	O	O	O	O	O	O
pareillement	O	O	O	O	O	O	O	O
envoyé	O	O	O	O	O	O	O	O
à	O	O	O	O	O	O	O	O
ce	O	O	O	O	O	O	O	O
Prince	O	O	O	O	O	O	O	O
Copie	O	O	O	O	O	O	O	O
de	O	O	O	O	O	O	O	O
la	O	O	O	O	O	O	O	O
même	O	O	O	O	O	O	O	O
Resolution	O	O	O	O	O	O	O	O
avec	O	O	O	O	O	O	O	O
les	O	O	O	O	O	O	O	O
pieces	O	O	O	O	O	O	O	O
y	O	O	O	O	O	O	O	O
jointes	O	O	O	O	O	O	O	O
,	O	O	O	O	O	O	O	O
il	O	O	O	O	O	O	O	O
se	O	O	O	O	O	O	O	O
donne	O	O	O	O	O	O	O	O
l'honneur	O	O	O	O	O	O	O	O
de	O	O	O	O	O	O	O	O
faire	O	O	O	O	O	O	O	O
parvenir	O	O	O	O	O	O	O	O
a	O	O	O	O	O	O	O	O
la	O	O	O	O	O	O	O	O
Connmoissance	O	O	O	O	O	O	O	O
de	O	O	O	O	O	O	O	O
Vos	O	O	O	O	O	O	O	O
Hautes	O	O	O	O	O	O	O	O
Puisgances	O	O	O	O	O	O	O	O
ce	O	O	O	O	O	O	O	O
que	O	O	O	O	O	O	O	O
son	O	O	O	O	O	O	O	O
Altesse	O	O	O	O	O	O	O	O
lui	O	O	O	O	O	O	O	O
a	O	O	O	O	O	O	O	O
bien	O	O	O	O	O	O	O	O
vouiu	O	O	O	O	O	O	O	O
mander	O	O	O	O	O	O	O	O
en	O	O	O	O	O	O	O	O
reponse	O	O	O	O	O	O	O	O
a	O	O	O	O	O	O	O	O
sa	O	O	O	O	O	O	O	O
Lettre	O	O	O	O	O	O	O	O
du	O	O	O	O	O	O	O	O
27	O	O	O	O	O	O	O	O
Août	O	O	O	O	O	O	O	O
,	O	O	O	O	O	O	O	O
&	O	O	O	O	O	O	O	O
&	O	O	O	O	O	O	O	O
5	O	O	O	O	O	O	O	O
dont	O	O	O	O	O	O	O	O
il	O	O	O	O	O	O	O	O
prend	O	O	O	O	O	O	O	O
la	O	O	O	O	O	O	O	O
liberié	O	O	O	O	O	O	O	O
de	O	O	O	O	O	O	O	O
joindre	O	O	O	O	O	O	O	O
l	O	O	O	O	O	O	O	O
Extrait	O	O	O	O	O	O	O	O
à	O	O	O	O	O	O	O	O
ce	O	O	O	O	O	O	O	O
present	O	O	O	O	O	O	O	O
Memorie	O	O	O	O	O	O	O	O
:	O	O	O	O	O	O	O	O
1	O	O	O	O	O	O	O	O
plaira	O	O	O	O	O	O	O	O
à	O	O	O	O	O	O	O	O
Vos	O	O	O	O	O	O	O	O
Hautes	O	O	O	O	O	O	O	O
Puissances	O	O	O	O	O	O	O	O
de	O	O	O	O	O	O	O	O
voir	O	O	O	O	O	O	O	O
par	O	O	O	O	O	O	O	O
cet	O	O	O	O	O	O	O	O
Extrait	O	O	O	O	O	O	O	O
combien	O	O	O	O	O	O	O	O
sa	O	O	O	O	O	O	O	O
dite	O	O	O	O	O	O	O	O
Altesse	O	O	O	O	O	O	O	O
s'empresse	O	O	O	O	O	O	O	O
à	O	O	O	O	O	O	O	O
se	O	O	O	O	O	O	O	O
conformer	O	O	O	O	O	O	O	O
en	O	O	O	O	O	O	O	O
tout	O	O	O	O	O	O	O	O
aux	O	O	O	O	O	O	O	O
sentimens	O	O	O	O	O	O	O	O
sinceres	O	O	O	O	O	O	O	O
d'amitie	O	O	O	O	O	O	O	O
5	O	O	O	O	O	O	O	O
affection	O	O	O	O	O	O	O	O
que	O	O	O	O	O	O	O	O
sa	O	O	O	O	O	O	O	O
Majené	O	O	O	O	O	O	O	O
porte	O	O	O	O	O	O	O	O
à	O	O	O	O	O	O	O	O
Vos	O	O	O	O	O	O	O	O
Hautes	O	O	O	O	O	O	O	O
Puissances	O	O	O	O	O	O	O	O
5	O	O	O	O	O	O	O	O
à	O	O	O	O	O	O	O	O
leur	O	O	O	O	O	O	O	O
Republique	O	O	O	O	O	O	O	O
,	O	O	O	O	O	O	O	O
3	O	O	O	O	O	O	O	O
dont	O	O	O	O	O	O	O	O
Elle	O	O	O	O	O	O	O	O
soubaitte	O	O	O	O	O	O	O	O
de	O	O	O	O	O	O	O	O
les	O	O	O	O	O	O	O	O
convaincre	O	O	O	O	O	O	O	O
de	O	O	O	O	O	O	O	O
plus	O	O	O	O	O	O	O	O
en	O	O	O	O	O	O	O	O
plus	O	O	O	O	O	O	O	O
par	O	O	O	O	O	O	O	O
des	O	O	O	O	O	O	O	O
murques	O	O	O	O	O	O	O	O
essentielles	O	O	O	O	O	O	O	O
.	O	O	O	O	O	O	O	O
Pour	O	O	O	O	O	O	O	O
en	O	O	O	O	O	O	O	O
donner	O	O	O	O	O	O	O	O
une	O	O	O	O	O	O	O	O
preuve	O	O	O	O	O	O	O	O
aussi	O	O	O	O	O	O	O	O
prompie	O	O	O	O	O	O	O	O
qu'evidente	O	O	O	O	O	O	O	O
,	O	O	O	O	O	O	O	O
Monseignéur	O	O	O	O	O	O	O	O
le	O	O	O	O	O	O	O	O
Duc	O	O	O	O	O	O	O	O
Ferdinand	O	O	O	O	O	O	O	O
a	O	O	O	O	O	O	O	O
fait	O	O	O	O	O	O	O	O
remettre	O	O	O	O	O	O	O	O
au	O	O	O	O	O	O	O	O
sousfigné	O	O	O	O	O	O	O	O
une	O	O	O	O	O	O	O	O
somme	O	O	O	O	O	O	O	O
suffisante	O	O	O	O	O	O	O	O
parle	O	O	O	O	O	O	O	O
de	O	O	O	O	O	O	O	O
dommagement	O	O	O	O	O	O	O	O
entier	O	O	O	O	O	O	O	O
des	O	O	O	O	O	O	O	O
pertes	O	O	O	O	O	O	O	O
&	O	O	O	O	O	O	O	O
degais	O	O	O	O	O	O	O	O
causés	O	O	O	O	O	O	O	O
par	O	O	O	O	O	O	O	O
les	O	O	O	O	O	O	O	O
susmentionnes	O	O	O	O	O	O	O	O
desordres	O	O	O	O	O	O	O	O
,	O	O	O	O	O	O	O	O
à	O	O	O	O	O	O	O	O
quel	O	O	O	O	O	O	O	O
Sujet	O	O	O	O	O	O	O	O
le	O	O	O	O	O	O	O	O
soussigné	O	O	O	O	O	O	O	O
se	O	O	O	O	O	O	O	O
trouve	O	O	O	O	O	O	O	O
obligé	O	O	O	O	O	O	O	O
de	O	O	O	O	O	O	O	O
prier	O	O	O	O	O	O	O	O
Vos	O	O	O	O	O	O	O	O
Hautes	O	O	O	O	O	O	O	O
Puissances	O	O	O	O	O	O	O	O
de	O	O	O	O	O	O	O	O
vouloir	O	O	O	O	O	O	O	O
bien	O	O	O	O	O	O	O	O
autoriser	O	O	O	O	O	O	O	O
une	O	O	O	O	O	O	O	O
Personne	O	O	O	O	O	O	O	O
de	O	O	O	O	O	O	O	O
leur	O	O	O	O	O	O	O	O
choix	O	O	O	O	O	O	O	O
à	O	O	O	O	O	O	O	O
recevoir	O	O	O	O	O	O	O	O
ces	O	O	O	O	O	O	O	O
deniers	O	O	O	O	O	O	O	O
de	O	O	O	O	O	O	O	O
ses	O	O	O	O	O	O	O	O
mains	O	O	O	O	O	O	O	O
,	O	O	O	O	O	O	O	O
t3	O	O	O	O	O	O	O	O
à	O	O	O	O	O	O	O	O
lui	O	O	O	O	O	O	O	O
passer	O	O	O	O	O	O	O	O
la	O	O	O	O	O	O	O	O
dessus	O	O	O	O	O	O	O	O
une	O	O	O	O	O	O	O	O
duë	O	O	O	O	O	O	O	O
&	O	O	O	O	O	O	O	O
legitime	O	O	O	O	O	O	O	O
Quitance	O	O	O	O	O	O	O	O
,	O	O	O	O	O	O	O	O
tout	O	O	O	O	O	O	O	O
comme	O	O	O	O	O	O	O	O
il	O	O	O	O	O	O	O	O
ne	O	O	O	O	O	O	O	O
doute	O	O	O	O	O	O	O	O
point	O	O	O	O	O	O	O	O
que	O	O	O	O	O	O	O	O
ce	O	O	O	O	O	O	O	O
procedé	O	O	O	O	O	O	O	O
de	O	O	O	O	O	O	O	O
la	O	O	O	O	O	O	O	O
part	O	O	O	O	O	O	O	O
du	O	O	O	O	O	O	O	O
Roy	O	O	O	O	O	O	O	O
son	O	O	O	O	O	O	O	O
Maitre	O	O	O	O	O	O	O	O
,	O	O	O	O	O	O	O	O
&	O	O	O	O	O	O	O	O
de	O	O	O	O	O	O	O	O
Monseigneur	O	O	O	O	O	O	O	O
,	O	O	O	O	O	O	O	O
le	O	O	O	O	O	O	O	O
dit	O	O	O	O	O	O	O	O
Duc	O	O	O	O	O	O	O	O
à	O	O	O	O	O	O	O	O
cet	O	O	O	O	O	O	O	O
egard	O	O	O	O	O	O	O	O
ne	O	O	O	O	O	O	O	O
itourne	O	O	O	O	O	O	O	O
à	O	O	O	O	O	O	O	O
leur	O	O	O	O	O	O	O	O
pleine	O	O	O	O	O	O	O	O
&	O	O	O	O	O	O	O	O
entiere	O	O	O	O	O	O	O	O
satisfaction	O	O	O	O	O	O	O	O
.	O	O	O	O	O	O	O	O
Fait	O	O	O	O	O	O	O	O
à	O	O	O	O	O	O	O	O
lu	O	O	O	O	O	O	O	O
Haye	O	O	O	O	O	O	O	O
ce	O	O	O	O	O	O	O	O
14	O	O	O	O	O	O	O	O
Sepiembre	O	O	O	O	O	O	O	O
1758	O	O	O	O	O	O	O	O
.	O	O	O	O	O	O	O	O
Signé	O	O	O	O	O	O	O	O
,	O	O	O	O	O	O	O	O
R	O	O	B-PER	O	O	O	O	O	R. U. B. Srorcke
.	O	O	I-PER	O	O	O	O	O
U	O	O	I-PER	O	O	O	O	O
.	O	O	I-PER	O	O	O	O	O
B	O	O	I-PER	O	O	O	O	O
.	O	O	I-PER	O	O	O	O	O
Srorcke	O	O	I-PER	O	O	O	O	O
.	O	O	O	O	O	O	O	O
WAAR	O	O	O	O	O	O	O	O
op	O	O	O	O	O	O	O	O
gedelibereert	O	O	O	O	O	O	O	O
zynde	O	O	O	O	O	O	O	O
,	O	O	O	O	O	O	O	O
is	O	O	O	O	O	O	O	O
goedgevonden	O	O	O	O	O	O	O	O
en	O	O	O	O	O	O	O	O
verstaan	O	O	O	O	O	O	O	O
,	O	O	O	O	O	O	O	O
dat	O	O	O	O	O	O	O	O
gemelde	O	O	O	O	O	O	O	O
Heere	O	O	B-PER	O	O	O	O	O	Heere Sporcken
Sporcken	O	O	I-PER	O	O	O	O	O
,	O	O	O	O	O	O	O	O
door	O	O	O	O	O	O	O	O
den	O	O	O	O	O	O	O	O
Agent	B-HOE	O	B-PER	O	O	O	O	O	Agent
van	O	O	I-PER	O	O	O	O	O
Byemont	O	B-LOC	I-PER	O	O	O	O	O	Byemont
sal	O	O	O	O	O	O	O	O
werden	O	O	O	O	O	O	O	O
versoght	O	O	O	O	O	O	O	O
,	O	O	O	O	O	O	O	O
den	O	O	O	O	O	O	O	O
Heere	O	O	B-PER	O	O	O	O	O	Heere Hertogh Ferdinand
Hertogh	B-HOE	O	I-PER	O	O	O	O	O	Hertogh
Ferdinand	O	O	I-PER	O	O	O	O	O
uyt	O	O	O	O	O	O	O	O
naam	O	O	O	O	O	O	O	O
van	O	O	O	O	O	O	O	O
haar	O	O	O	O	O	O	O	O
Hoogh	O	O	O	O	O	O	O	O
Mogende	O	O	O	O	O	O	O	O
te	O	O	O	O	O	O	O	O
hedanckin	O	O	O	O	O	O	O	O
,	O	O	O	O	O	O	O	O
voor	O	O	O	O	O	O	O	O
de	O	O	O	O	O	O	O	O
attentie	O	O	O	O	O	O	O	O
die	O	O	O	O	O	O	O	O
deselve	O	O	O	O	O	O	O	O
op	O	O	O	O	O	O	O	O
haar	O	O	O	O	O	O	O	O
Hoogh	O	O	O	O	O	O	O	O
Mogende	O	O	O	O	O	O	O	O
klaghten	O	O	O	O	O	O	O	O
heeft	O	O	O	O	O	O	O	O
gelieven	O	O	O	O	O	O	O	O
te	O	O	O	O	O	O	O	O
geeven	O	O	O	O	O	O	O	O
,	O	O	O	O	O	O	O	O
en	O	O	O	O	O	O	O	O
voor	O	O	O	O	O	O	O	O
de	O	O	O	O	O	O	O	O
prompte	O	O	O	O	O	O	O	O
voorsieninge	O	O	O	O	O	O	O	O
by	O	O	O	O	O	O	O	O
deselve	O	O	O	O	O	O	O	O
gedaan	O	O	O	O	O	O	O	O
,	O	O	O	O	O	O	O	O
tot	O	O	O	O	O	O	O	O
vergoedinge	O	O	O	O	O	O	O	O
van	O	O	O	O	O	O	O	O
de	O	O	O	O	O	O	O	O
schaade	O	O	O	O	O	O	O	O
door	O	O	O	O	O	O	O	O
de	O	O	O	O	O	O	O	O
Ingeseetenen	B-HOE	O	O	O	O	O	O	O	Ingeseetenen van den Staat
van	I-HOE	O	O	O	O	O	O	O
den	I-HOE	O	O	O	O	O	O	O
Staat	I-HOE	O	O	O	O	O	O	O
geleeden	O	O	O	O	O	O	O	O
,	O	O	O	O	O	O	O	O
met	O	O	O	O	O	O	O	O
betuyginge	O	O	O	O	O	O	O	O
,	O	O	O	O	O	O	O	O
dat	O	O	O	O	O	O	O	O
haar	O	O	O	O	O	O	O	O
Hoogh	O	O	O	O	O	O	O	O
Mogende	O	O	O	O	O	O	O	O
volkoomen	O	O	O	O	O	O	O	O
genoegen	O	O	O	O	O	O	O	O
en	O	O	O	O	O	O	O	O
contentement	O	O	O	O	O	O	O	O
daar	O	O	O	O	O	O	O	O
meede	O	O	O	O	O	O	O	O
neemen	O	O	O	O	O	O	O	O
.	O	O	O	O	O	O	O	O
Dat	O	O	O	O	O	O	O	O
voorts	O	O	O	O	O	O	O	O
den	O	O	O	O	O	O	O	O
Momboir	B-HOE	O	O	O	O	O	O	O	Momboir van het Overquartier van Gelderland
van	I-HOE	O	O	O	O	O	O	O
het	I-HOE	O	O	O	O	O	O	O
Overquartier	I-HOE	B-LOC	O	O	O	O	O	O	Overquartier van Gelderland
van	I-HOE	I-LOC	O	O	O	O	O	O
Gelderland	I-HOE	I-LOC	O	O	O	O	O	O
sal	O	O	O	O	O	O	O	O
werden	O	O	O	O	O	O	O	O
aangeschreeven	O	O	O	O	O	O	O	O
,	O	O	O	O	O	O	O	O
temand	O	O	O	O	O	O	O	O
alhier	O	O	O	O	O	O	O	O
te	O	O	O	O	O	O	O	O
authoriseeren	O	O	O	O	O	O	O	O
,	O	O	O	O	O	O	O	O
om	O	O	O	O	O	O	O	O
de	O	O	O	O	O	O	O	O
Penningen	O	O	O	O	O	O	O	O
tot	O	O	O	O	O	O	O	O
vergoedinge	O	O	O	O	O	O	O	O
van	O	O	O	O	O	O	O	O
de	O	O	O	O	O	O	O	O
schaade	O	O	O	O	O	O	O	O
der	O	O	O	O	O	O	O	O
Ingeseetenen	B-HOE	O	O	O	O	O	O	O	Ingeseetenen
gedestineert	O	O	O	O	O	O	O	O
,	O	O	O	O	O	O	O	O
tegen	O	O	O	O	O	O	O	O
behoorlijcke	O	O	O	O	O	O	O	O
Quitantie	O	O	O	O	O	O	O	O
,	O	O	O	O	O	O	O	O
uyt	O	O	O	O	O	O	O	O
handen	O	O	O	O	O	O	O	O
van	O	O	O	O	O	O	O	O
gemelde	O	O	O	O	O	O	O	O
Heere	O	O	B-PER	O	O	O	O	O	Heere Sporcken
Sporcken	O	O	I-PER	O	O	O	O	O
te	O	O	O	O	O	O	O	O
ontfangen	O	O	O	O	O	O	O	O
,	O	O	O	O	O	O	O	O
en	O	O	O	O	O	O	O	O
vervolgens	O	O	O	O	O	O	O	O
de	O	O	O	O	O	O	O	O
distributie	O	O	O	O	O	O	O	O
daar	O	O	O	O	O	O	O	O
van	O	O	O	O	O	O	O	O
te	O	O	O	O	O	O	O	O
doen	O	O	O	O	O	O	O	O
,	O	O	O	O	O	O	O	O
aan	O	O	O	O	O	O	O	O
de	O	O	O	O	O	O	O	O
geene	O	O	O	O	O	O	O	O
die	O	O	O	O	O	O	O	O
de	O	O	O	O	O	O	O	O
schaade	O	O	O	O	O	O	O	O
hebben	O	O	O	O	O	O	O	O
geleeden	O	O	O	O	O	O	O	O
.	O	O	O	O	O	O	O	O
EEDE	O	O	O	O	O	O	O	O
EE	O	O	O	O	O	O	O	O
de	O	O	O	O	O	O	O	O
Munten	O	O	O	O	O	O	O	O
deeser	O	O	O	O	O	O	O	O
Landen	O	O	O	O	O	O	O	O
,	O	O	O	O	O	O	O	O
houdende	O	O	O	O	O	O	O	O
,	O	O	O	O	O	O	O	O
dat	O	O	O	O	O	O	O	O
haar	O	O	O	O	O	O	O	O
Hoogh	O	O	O	O	O	O	O	O
Mogende	O	O	O	O	O	O	O	O
goedgevonden	O	O	O	O	O	O	O	O
hadden	O	O	O	O	O	O	O	O
by	O	O	O	O	O	O	O	O
der	O	O	O	O	O	O	O	O
selver	O	O	O	O	O	O	O	O
Resolutie	O	O	O	O	O	B-RES	O	O	Resolutie van den elfden Mey laat stleeden
van	O	O	O	O	O	I-RES	O	O
den	O	O	O	O	O	I-RES	O	O
elfden	O	O	O	O	B-DAT	I-RES	O	O	elfden Mey laat stleeden
Mey	O	O	O	O	I-DAT	I-RES	O	O
laat	O	O	O	O	I-DAT	I-RES	O	O
stleeden	O	O	O	O	I-DAT	I-RES	O	O
,	O	O	O	O	O	O	O	O
hun	O	O	O	O	O	O	O	O
berigt	O	O	O	O	O	O	O	O
en	O	O	O	O	O	O	O	O
consideratien	O	O	O	O	O	O	O	O
te	O	O	O	O	O	O	O	O
requireeren	O	O	O	O	O	O	O	O
op	O	O	O	O	O	O	O	O
een	O	O	O	O	O	O	O	O
Missive	O	O	O	O	O	O	O	O
van	O	O	O	O	O	O	O	O
de	O	O	O	O	O	O	O	O
Heeren	O	O	O	B-ORG	O	O	O	O	Heeren Gedeputeerde Staaten 's Lands van Utreght
Gedeputeerde	O	O	O	I-ORG	O	O	O	O
Staaten	O	O	O	I-ORG	O	O	O	O
'	O	O	O	I-ORG	O	O	O	O
s	O	O	O	I-ORG	O	O	O	O
Lands	O	O	O	I-ORG	O	O	O	O
van	O	O	O	I-ORG	O	O	O	O
Utreght	O	O	O	I-ORG	O	O	O	O
,	O	O	O	O	O	O	O	O
betreckingh	O	O	O	O	O	O	O	O
hebbende	O	O	O	O	O	O	O	O
tot	O	O	O	O	O	O	O	O
een	O	O	O	O	O	O	O	O
partye	O	O	O	O	O	O	O	O
van	O	O	O	O	O	O	O	O
seeven	O	O	O	O	O	O	O	O
en	O	O	O	O	O	O	O	O
dertigh	O	O	O	O	O	O	O	O
sacken	O	O	O	O	O	O	O	O
Ryksdaalders	O	O	O	O	O	O	O	O
van	O	O	O	O	O	O	O	O
de	O	O	O	O	O	O	O	O
Utreghtsche	O	O	O	B-ORG	O	O	O	O	Utreghtsche Munte
Munte	O	O	O	I-ORG	O	O	O	O
,	O	O	O	O	O	O	O	O
in	O	O	O	O	O	O	O	O
deesen	O	O	O	O	B-DAT	O	O	O	deesen jaare
jaare	O	O	O	O	I-DAT	O	O	O
gemunt	O	O	O	O	O	O	O	O
,	O	O	O	O	O	O	O	O
en	O	O	O	O	O	O	O	O
door	O	O	O	O	O	O	O	O
een	O	O	O	O	O	O	O	O
Koopman	B-HOE	O	O	O	O	O	O	O	Koopman
in	O	O	O	O	O	O	O	O
de	O	O	O	O	O	O	O	O
Wisselbanck	O	O	O	B-ORG	O	O	O	O	Wisselbanck van Amsterdam
van	O	O	O	I-ORG	O	O	O	O
Amsterdam	O	B-LOC	O	I-ORG	O	O	O	O	Amsterdam
beleent	O	O	O	O	O	O	O	O
,	O	O	O	O	O	O	O	O
dewelcke	O	O	O	O	O	O	O	O
aldaar	O	O	O	O	O	O	O	O
by	O	O	O	O	O	O	O	O
stuck	O	O	O	O	O	O	O	O
zynde	O	O	O	O	O	O	O	O
geessayeert	O	O	O	O	O	O	O	O
,	O	O	O	O	O	O	O	O
verre	O	O	O	O	O	O	O	O
beneeden	O	O	O	O	O	O	O	O
den	O	O	O	O	O	O	O	O
voet	O	O	O	O	O	O	O	O
bevonden	O	O	O	O	O	O	O	O
,	O	O	O	O	O	O	O	O
en	O	O	O	O	O	O	O	O
daarom	O	O	O	O	O	O	O	O
in	O	O	O	O	O	O	O	O
stucken	O	O	O	O	O	O	O	O
waaren	O	O	O	O	O	O	O	O
gesneeden	O	O	O	O	O	O	O	O
geworden	O	O	O	O	O	O	O	O
.	O	O	O	O	O	O	O	O
Dat	O	O	O	O	O	O	O	O
sy	O	O	O	O	O	O	O	O
aan	O	O	O	O	O	O	O	O
haar	O	O	O	O	O	O	O	O
Hoogh	O	O	O	O	O	O	O	O
Mog	O	O	O	O	O	O	O	O
.	O	O	O	O	O	O	O	O
gemelde	O	O	O	O	O	O	O	O
Resolutie	O	O	O	O	O	O	O	O
,	O	O	O	O	O	O	O	O
door	O	O	O	O	O	O	O	O
hun	O	O	O	O	O	O	O	O
Beright	O	O	O	O	O	O	O	O
van	O	O	O	O	O	O	O	O
den	O	O	O	O	O	O	O	O
neegentienden	O	O	O	O	B-DAT	O	O	O	neegentienden der selve maand
der	O	O	O	O	I-DAT	O	O	O
selve	O	O	O	O	I-DAT	O	O	O
maand	O	O	O	O	I-DAT	O	O	O
schuldplightigh	O	O	O	O	O	O	O	O
hadden	O	O	O	O	O	O	O	O
voldaan	O	O	O	O	O	O	O	O
,	O	O	O	O	O	O	O	O
en	O	O	O	O	O	O	O	O
dat	O	O	O	O	O	O	O	O
naderhand	O	O	O	O	O	O	O	O
Burgermeesters	B-HOE	O	O	O	O	O	O	O	Burgermeesters der Stad Amsterdam
der	I-HOE	O	O	O	O	O	O	O
Stad	I-HOE	B-LOC	O	O	O	O	O	O	Stad Amsterdam
Amsterdam	I-HOE	I-LOC	O	O	O	O	O	O
,	O	O	O	O	O	O	O	O
op	O	O	O	O	O	O	O	O
een	O	O	O	O	O	O	O	O
Missive	O	O	O	O	O	O	O	O
van	O	O	O	O	O	O	O	O
de	O	O	O	O	O	O	O	O
Heeren	O	O	O	B-ORG	O	O	O	O	Heeren Staaten van Holland en Westvriesland
Staaten	O	O	O	I-ORG	O	O	O	O
van	O	O	O	I-ORG	O	O	O	O
Holland	O	O	O	I-ORG	O	O	O	O
en	O	O	O	I-ORG	O	O	O	O
Westvriesland	O	O	O	I-ORG	O	O	O	O
,	O	O	O	O	O	O	O	O
concerneerende	O	O	O	O	O	O	O	O
die	O	O	O	O	O	O	O	O
selve	O	O	O	O	O	O	O	O
saack	O	O	O	O	O	O	O	O
,	O	O	O	O	O	O	O	O
het	O	O	O	O	O	O	O	O
Beright	O	O	O	O	O	O	O	O
hadden	O	O	O	O	O	O	O	O
gevordert	O	O	O	O	O	O	O	O
van	O	O	O	O	O	O	O	O
de	O	O	O	O	O	O	O	O
Commissarissen	B-HOE	O	O	O	O	O	O	O	Commissarissen van de Wisselbanck
van	I-HOE	O	O	O	O	O	O	O
de	I-HOE	O	O	O	O	O	O	O
Wisselbanck	I-HOE	O	O	O	O	O	O	O
,	O	O	O	O	O	O	O	O
deweleke	O	O	O	O	O	O	O	O
daar	O	O	O	O	O	O	O	O
op	O	O	O	O	O	O	O	O
een	O	O	O	O	O	O	O	O
Stuck	O	O	O	O	O	O	O	O
hadden	O	O	O	O	O	O	O	O
uytgebraght	O	O	O	O	O	O	O	O
,	O	O	O	O	O	O	O	O
bestaande	O	O	O	O	O	O	O	O
uyt	O	O	O	O	O	O	O	O
een	O	O	O	O	O	O	O	O
deel	O	O	O	O	O	O	O	O
ongegronde	O	O	O	O	O	O	O	O
raisonnementen	O	O	O	O	O	O	O	O
en	O	O	O	O	O	O	O	O
onbeweesen	O	O	O	O	O	O	O	O
stellingen	O	O	O	O	O	O	O	O
,	O	O	O	O	O	O	O	O
niet	O	O	O	O	O	O	O	O
alleen	O	O	O	O	O	O	O	O
ten	O	O	O	O	O	O	O	O
uyterste	O	O	O	O	O	O	O	O
indecent	O	O	O	O	O	O	O	O
en	O	O	O	O	O	O	O	O
onbetaamelijck	O	O	O	O	O	O	O	O
in	O	O	O	O	O	O	O	O
het	O	O	O	O	O	O	O	O
generaal	O	O	O	O	O	O	O	O
,	O	O	O	O	O	O	O	O
maar	O	O	O	O	O	O	O	O
oock	O	O	O	O	O	O	O	O
in	O	O	O	O	O	O	O	O
het	O	O	O	O	O	O	O	O
bysonder	O	O	O	O	O	O	O	O
,	O	O	O	O	O	O	O	O
met	O	O	O	O	O	O	O	O
telatie	O	O	O	O	O	O	O	O
tot	O	O	O	O	O	O	O	O
het	O	O	O	O	O	O	O	O
.	O	O	O	O	O	O	O	O
Collegie	O	O	O	B-ORG	O	O	O	O	Collegie van Raaden en Generaalmeesters van de Munten
van	O	O	O	I-ORG	O	O	O	O
Raaden	O	O	O	I-ORG	O	O	O	O
en	O	O	O	I-ORG	O	O	O	O
Generaalmeesters	O	O	O	I-ORG	O	O	O	O
van	O	O	O	I-ORG	O	O	O	O
de	O	O	O	I-ORG	O	O	O	O
Munten	O	O	O	I-ORG	O	O	O	O
voornoemt	O	O	O	O	O	O	O	O
,	O	O	O	O	O	O	O	O
soodanigh	O	O	O	O	O	O	O	O
leesit	O	O	O	O	O	O	O	O
en	O	O	O	O	O	O	O	O
opgevuld	O	O	O	O	O	O	O	O
met	O	O	O	O	O	O	O	O
verre	O	O	O	O	O	O	O	O
gaande	O	O	O	O	O	O	O	O
expressien	O	O	O	O	O	O	O	O
,	O	O	O	O	O	O	O	O
dat	O	O	O	O	O	O	O	O
gemelde	O	O	O	O	O	O	O	O
Raaden	B-HOE	O	O	O	O	O	O	O	Raaden en Generaalmeesters
en	I-HOE	O	O	O	O	O	O	O
Generaalmeesters	I-HOE	O	O	O	O	O	O	O
sigh	O	O	O	O	O	O	O	O
verplight	O	O	O	O	O	O	O	O
vonden	O	O	O	O	O	O	O	O
het	O	O	O	O	O	O	O	O
selve	O	O	O	O	O	O	O	O
onder	O	O	O	O	O	O	O	O
het	O	O	O	O	O	O	O	O
oogh	O	O	O	O	O	O	O	O
van	O	O	O	O	O	O	O	O
haar	O	O	O	O	O	O	O	O
Hoogh	O	O	O	O	O	O	O	O
Mogende	O	O	O	O	O	O	O	O
te	O	O	O	O	O	O	O	O
brengen	O	O	O	O	O	O	O	O
;	O	O	O	O	O	O	O	O
verhoopende	O	O	O	O	O	O	O	O
,	O	O	O	O	O	O	O	O
dat	O	O	O	O	O	O	O	O
haar	O	O	O	O	O	O	O	O
Hoogh	O	O	O	O	O	O	O	O
Mogende	O	O	O	O	O	O	O	O
soo	O	O	O	O	O	O	O	O
en	O	O	O	O	O	O	O	O
daar	O	O	O	O	O	O	O	O
het	O	O	O	O	O	O	O	O
behoord	O	O	O	O	O	O	O	O
souden	O	O	O	O	O	O	O	O
gelieven	O	O	O	O	O	O	O	O
te	O	O	O	O	O	O	O	O
bevorderen	O	O	O	O	O	O	O	O
,	O	O	O	O	O	O	O	O
dat	O	O	O	O	O	O	O	O
een	O	O	O	O	O	O	O	O
Collegie	O	O	O	O	O	O	O	O
dat	O	O	O	O	O	O	O	O
in	O	O	O	O	O	O	O	O
het	O	O	O	O	O	O	O	O
adviseeren	O	O	O	O	O	O	O	O
over	O	O	O	O	O	O	O	O
Muntsaacken	O	O	O	O	O	O	O	O
,	O	O	O	O	O	O	O	O
niet	O	O	O	O	O	O	O	O
alleen	O	O	O	O	O	O	O	O
by	O	O	O	O	O	O	O	O
de	O	O	O	O	O	O	O	O
Heeren	O	O	O	O	O	O	O	O
Staaten	O	O	O	O	O	O	O	O
van	O	O	O	O	O	O	O	O
de	O	O	O	O	O	O	O	O
respective	O	O	O	O	O	O	O	O
Provincien	O	O	O	O	O	O	O	O
,	O	O	O	O	O	O	O	O
maar	O	O	O	O	O	O	O	O
oock	O	O	O	O	O	O	O	O
by	O	O	O	O	O	O	O	O
haar	O	O	O	O	O	O	O	O
Hoogh	O	O	O	O	O	O	O	O
Mogende	O	O	O	O	O	O	O	O
,	O	O	O	O	O	O	O	O
van	O	O	O	O	O	O	O	O
den	O	O	O	O	O	O	O	O
aanbeginne	O	O	O	O	O	O	O	O
van	O	O	O	O	O	O	O	O
de	O	O	O	O	O	O	O	O
Republicq	O	O	O	O	O	O	O	O
af	O	O	O	O	O	O	O	O
,	O	O	O	O	O	O	O	O
altyd	O	O	O	O	O	O	O	O
als	O	O	O	O	O	O	O	O
Consiliarii	O	O	O	O	O	O	O	O
Principis	O	O	O	O	O	O	O	O
was	O	O	O	O	O	O	O	O
gehouden	O	O	O	O	O	O	O	O
geworden	O	O	O	O	O	O	O	O
,	O	O	O	O	O	O	O	O
door	O	O	O	O	O	O	O	O
dristige	O	O	O	O	O	O	O	O
en	O	O	O	O	O	O	O	O
boosaardige	O	O	O	O	O	O	O	O
Particulieren	O	O	O	O	O	O	O	O
niet	O	O	O	O	O	O	O	O
moghte	O	O	O	O	O	O	O	O
worgelastert	O	O	O	O	O	O	O	O
,	O	O	O	O	O	O	O	O
en	O	O	O	O	O	O	O	O
in	O	O	O	O	O	O	O	O
sijn	O	O	O	O	O	O	O	O
aansien	O	O	O	O	O	O	O	O
geattaqueert	O	O	O	O	O	O	O	O
.	O	O	O	O	O	O	O	O
Dat	O	O	O	O	O	O	O	O
voornoemde	O	O	O	O	O	O	O	O
Raaden	B-HOE	O	O	O	O	O	O	O	Raaden en Generaalmeesters
en	I-HOE	O	O	O	O	O	O	O
Generaalmeesters	I-HOE	O	O	O	O	O	O	O
van	O	O	O	O	O	O	O	O
gedaghten	O	O	O	O	O	O	O	O
waaren	O	O	O	O	O	O	O	O
,	O	O	O	O	O	O	O	O
dat	O	O	O	O	O	O	O	O
het	O	O	O	O	O	O	O	O
haar	O	O	O	O	O	O	O	O
niet	O	O	O	O	O	O	O	O
paste	O	O	O	O	O	O	O	O
om	O	O	O	O	O	O	O	O
een	O	O	O	O	O	O	O	O
diergelijek	O	O	O	O	O	O	O	O
Lasterschrift	O	O	O	O	O	O	O	O
,	O	O	O	O	O	O	O	O
in	O	O	O	O	O	O	O	O
soo	O	O	O	O	O	O	O	O
een	O	O	O	O	O	O	O	O
vuylen	O	O	O	O	O	O	O	O
styl	O	O	O	O	O	O	O	O
geschreven	O	O	O	O	O	O	O	O
,	O	O	O	O	O	O	O	O
te	O	O	O	O	O	O	O	O
beantwoorden	O	O	O	O	O	O	O	O
,	O	O	O	O	O	O	O	O
en	O	O	O	O	O	O	O	O
daarom	O	O	O	O	O	O	O	O
de	O	O	O	O	O	O	O	O
attentie	O	O	O	O	O	O	O	O
van	O	O	O	O	O	O	O	O
haar	O	O	O	O	O	O	O	O
Hoogh	O	O	O	O	O	O	O	O
Mogende	O	O	O	O	O	O	O	O
tegenswoordigh	O	O	O	O	O	O	O	O
niet	O	O	O	O	O	O	O	O
souden	O	O	O	O	O	O	O	O
ophouden	O	O	O	O	O	O	O	O
,	O	O	O	O	O	O	O	O
met	O	O	O	O	O	O	O	O
de	O	O	O	O	O	O	O	O
futile	O	O	O	O	O	O	O	O
argumenten	O	O	O	O	O	O	O	O
daar	O	O	O	O	O	O	O	O
in	O	O	O	O	O	O	O	O
begreepen	O	O	O	O	O	O	O	O
te	O	O	O	O	O	O	O	O
weedetleggen	O	O	O	O	O	O	O	O
,	O	O	O	O	O	O	O	O
nogh	O	O	O	O	O	O	O	O
de	O	O	O	O	O	O	O	O
fraye	O	O	O	O	O	O	O	O
uytvlughten	O	O	O	O	O	O	O	O
van	O	O	O	O	O	O	O	O
gemelde	O	O	O	O	O	O	O	O
Commissarissen	B-HOE	O	O	O	O	O	O	O	Commissarissen van de Wisselbaneck
van	I-HOE	O	O	O	O	O	O	O
de	I-HOE	O	O	O	O	O	O	O
Wisselbaneck	I-HOE	O	O	O	O	O	O	O
bloot	O	O	O	O	O	O	O	O
te	O	O	O	O	O	O	O	O
stellen	O	O	O	O	O	O	O	O
,	O	O	O	O	O	O	O	O
dogh	O	O	O	O	O	O	O	O
dat	O	O	O	O	O	O	O	O
indien	O	O	O	O	O	O	O	O
het	O	O	O	O	O	O	O	O
haar	O	O	O	O	O	O	O	O
Hoog	O	O	O	O	O	O	O	O
Mogende	O	O	O	O	O	O	O	O
moght	O	O	O	O	O	O	O	O
behaagen	O	O	O	O	O	O	O	O
,	O	O	O	O	O	O	O	O
dat	O	O	O	O	O	O	O	O
Raaden	B-HOE	O	O	O	O	O	O	O	Raaden en Generaalmeesters
en	I-HOE	O	O	O	O	O	O	O
Generaalmeesters	I-HOE	O	O	O	O	O	O	O
voornoemt	O	O	O	O	O	O	O	O
haare	O	O	O	O	O	O	O	O
consideratien	O	O	O	O	O	O	O	O
souden	O	O	O	O	O	O	O	O
voordraagen	O	O	O	O	O	O	O	O
,	O	O	O	O	O	O	O	O
sy	O	O	O	O	O	O	O	O
de	O	O	O	O	O	O	O	O
ordres	O	O	O	O	O	O	O	O
van	O	O	O	O	O	O	O	O
haar	O	O	O	O	O	O	O	O
Hoogh	O	O	O	O	O	O	O	O
Mogende	O	O	O	O	O	O	O	O
daar	O	O	O	O	O	O	O	O
op	O	O	O	O	O	O	O	O
souden	O	O	O	O	O	O	O	O
afwaghten	O	O	O	O	O	O	O	O
;	O	O	O	O	O	O	O	O
verhoopende	O	O	O	O	O	O	O	O
sigh	O	O	O	O	O	O	O	O
alsdan	O	O	O	O	O	O	O	O
daar	O	O	O	O	O	O	O	O
van	O	O	O	O	O	O	O	O
te	O	O	O	O	O	O	O	O
sullen	O	O	O	O	O	O	O	O
quyten	O	O	O	O	O	O	O	O
met	O	O	O	O	O	O	O	O
vry	O	O	O	O	O	O	O	O
meer	O	O	O	O	O	O	O	O
kraght	O	O	O	O	O	O	O	O
als	O	O	O	O	O	O	O	O
gemelde	O	O	O	O	O	O	O	O
Commissarissen	B-HOE	O	O	O	O	O	O	O	Commissarissen
,	O	O	O	O	O	O	O	O
en	O	O	O	O	O	O	O	O
in	O	O	O	O	O	O	O	O
een	O	O	O	O	O	O	O	O
styl	O	O	O	O	O	O	O	O
die	O	O	O	O	O	O	O	O
beeter	O	O	O	O	O	O	O	O
passen	O	O	O	O	O	O	O	O
soude	O	O	O	O	O	O	O	O
onder	O	O	O	O	O	O	O	O
het	O	O	O	O	O	O	O	O
oogh	O	O	O	O	O	O	O	O
van	O	O	O	O	O	O	O	O
haar	O	O	O	O	O	O	O	O
Hoogh	O	O	O	O	O	O	O	O
Mogende	O	O	O	O	O	O	O	O
geleght	O	O	O	O	O	O	O	O
te	O	O	O	O	O	O	O	O
worden	O	O	O	O	O	O	O	O
,	O	O	O	O	O	O	O	O
en	O	O	O	O	O	O	O	O
toonen	O	O	O	O	O	O	O	O
foude	O	O	O	O	O	O	O	O
het	O	O	O	O	O	O	O	O
onderscheyd	O	O	O	O	O	O	O	O
tusschen	O	O	O	O	O	O	O	O
het	O	O	O	O	O	O	O	O
Collegie	O	O	O	B-ORG	O	O	O	O	Collegie van Raaden en Generaalmeesters van de Munten
van	O	O	O	I-ORG	O	O	O	O
Raaden	O	O	O	I-ORG	O	O	O	O
en	O	O	O	I-ORG	O	O	O	O
Generaalmeesters	O	O	O	I-ORG	O	O	O	O
van	O	O	O	I-ORG	O	O	O	O
de	O	O	O	I-ORG	O	O	O	O
Munten	O	O	O	I-ORG	O	O	O	O
en	O	O	O	O	O	O	O	O
Commissarissen	B-HOE	O	O	O	O	O	O	O	Commissarissen van de Wifselbanck van Amsterdam
van	I-HOE	O	O	O	O	O	O	O
de	I-HOE	O	O	O	O	O	O	O
Wifselbanck	I-HOE	O	O	B-ORG	O	O	O	O	Wifselbanck van Amsterdam
van	I-HOE	O	O	I-ORG	O	O	O	O
Amsterdam	I-HOE	B-LOC	O	I-ORG	O	O	O	O	Amsterdam
.	O	O	O	O	O	O	O	O
WAAR	O	O	O	O	O	O	O	O
op	O	O	O	O	O	O	O	O
gedelibereert	O	O	O	O	O	O	O	O
zynde	O	O	O	O	O	O	O	O
,	O	O	O	O	O	O	O	O
hebben	O	O	O	O	O	O	O	O
de	O	O	O	O	O	O	O	O
Heesen	O	O	O	B-ORG	O	O	O	O	Heesen Gedeputeerden van de Provincien van Holland en Westvriesland en van Utreght
Gedeputeerden	O	O	O	I-ORG	O	O	O	O
van	O	O	O	I-ORG	O	O	O	O
de	O	O	O	I-ORG	O	O	O	O
Provincien	O	O	O	I-ORG	O	O	O	O
van	O	O	O	I-ORG	O	O	O	O
Holland	O	O	O	I-ORG	O	O	O	O
en	O	O	O	I-ORG	O	O	O	O
Westvriesland	O	O	O	I-ORG	O	O	O	O
en	O	O	O	I-ORG	O	O	O	O
van	O	O	O	I-ORG	O	O	O	O
Utreght	O	O	O	I-ORG	O	O	O	O
de	O	O	O	O	O	O	O	O
voorschreeve	O	O	O	O	O	O	O	O
Memorie	O	O	O	O	O	O	O	O
en	O	O	O	O	O	O	O	O
Bylaage	O	O	O	O	O	O	O	O
copielijck	O	O	O	O	O	O	O	O
overgenoomen	O	O	O	O	O	O	O	O
,	O	O	O	O	O	O	O	O
om	O	O	O	O	O	O	O	O
in	O	O	O	O	O	O	O	O
den	O	O	O	O	O	O	O	O
haaren	O	O	O	O	O	O	O	O
breeder	O	O	O	O	O	O	O	O
gecommuniceert	O	O	O	O	O	O	O	O
te	O	O	O	O	O	O	O	O
werden	O	O	O	O	O	O	O	O
.	O	O	O	O	O	O	O	O
En	O	O	O	O	O	O	O	O
is	O	O	O	O	O	O	O	O
dien	O	O	O	O	O	O	O	O
onvermindert	O	O	O	O	O	O	O	O
goedgeyonden	O	O	O	O	O	O	O	O
en	O	O	O	O	O	O	O	O
verstaan	O	O	O	O	O	O	O	O
,	O	O	O	O	O	O	O	O
dat	O	O	O	O	O	O	O	O
gemelde	O	O	O	O	O	O	O	O
Raaden	B-HOE	O	O	O	O	O	O	O	Raaden en Generaalmeesters van de Munten deeser Landen
en	I-HOE	O	O	O	O	O	O	O
Generaalmeesters	I-HOE	O	O	O	O	O	O	O
van	I-HOE	O	O	O	O	O	O	O
de	I-HOE	O	O	O	O	O	O	O
Munten	I-HOE	O	O	O	O	O	O	O
deeser	I-HOE	O	O	O	O	O	O	O
Landen	I-HOE	O	O	O	O	O	O	O
sullen	O	O	O	O	O	O	O	O
werden	O	O	O	O	O	O	O	O
aangeschreeven	O	O	O	O	O	O	O	O
,	O	O	O	O	O	O	O	O
der	O	O	O	O	O	O	O	O
selver	O	O	O	O	O	O	O	O
nadere	O	O	O	O	O	O	O	O
consideratien	O	O	O	O	O	O	O	O
omtrent	O	O	O	O	O	O	O	O
het	O	O	O	O	O	O	O	O
voorschreve	O	O	O	O	O	O	O	O
subject	O	O	O	O	O	O	O	O
aan	O	O	O	O	O	O	O	O
haar	O	O	O	O	O	O	O	O
Hoogh	O	O	O	O	O	O	O	O
Mogende	O	O	O	O	O	O	O	O
-	O	O	O	O	O	O	O	O
te	O	O	O	O	O	O	O	O
laaten	O	O	O	O	O	O	O	O
toekoomen	O	O	O	O	O	O	O	O
.	O	O	O	O	O	O	O	O
Dat	O	O	O	O	O	O	O	O
voorts	O	O	O	O	O	O	O	O
Copie	O	O	O	O	O	O	O	O
van	O	O	O	O	O	O	O	O
de	O	O	O	O	O	O	O	O
voorschreeve	O	O	O	O	O	O	O	O
Memorie	O	O	O	O	O	O	O	O
en	O	O	O	O	O	O	O	O
Bylaage	O	O	O	O	O	O	O	O
gestelt	O	O	O	O	O	O	O	O
sal	O	O	O	O	O	O	O	O
werden	O	O	O	O	O	O	O	O
in	O	O	O	O	O	O	O	O
handen	O	O	O	O	O	O	O	O
van	O	O	O	O	O	O	O	O
de	O	O	O	O	O	O	O	O
Heeren	B-HOE	O	B-PER	O	O	O	B-COM	O	Heeren Pieck van Zoelen
Pieck	I-HOE	O	I-PER	O	O	O	I-COM	O
van	I-HOE	O	I-PER	O	O	O	I-COM	O
Zoelen	I-HOE	B-LOC	I-PER	O	O	O	I-COM	O	Zoelen
,	O	O	O	O	O	O	I-COM	O
en	O	O	O	O	O	O	I-COM	O
andere	O	O	O	O	O	O	I-COM	O
haar	O	O	O	O	O	O	I-COM	O
Hoogh	O	O	O	O	O	O	I-COM	O
Mogende	O	O	O	O	O	O	I-COM	O
Gedeputeerden	O	O	O	O	O	O	I-COM	O
tot	O	O	O	O	O	O	I-COM	O
de	O	O	O	O	O	O	I-COM	O
saacken	O	O	O	O	O	O	I-COM	O
van	O	O	O	O	O	O	I-COM	O
de	O	O	O	O	O	O	I-COM	O
Munte	O	O	O	O	O	O	I-COM	O
,	O	O	O	O	O	O	O	O
om	O	O	O	O	O	O	O	O
te	O	O	O	O	O	O	O	O
visiteeren	O	O	O	O	O	O	O	O
,	O	O	O	O	O	O	O	O
examineeren	O	O	O	O	O	O	O	O
,	O	O	O	O	O	O	O	O
en	O	O	O	O	O	O	O	O
van	O	O	O	O	O	O	O	O
alles	O	O	O	O	O	O	O	O
al	O	O	O	O	O	O	O	O
-	O	O	O	O	O	O	O	O
)	O	O	O	O	O	O	O	O
hier	O	O	O	O	O	O	O	O
ter	O	O	O	O	O	O	O	O
Vergaderinge	O	O	O	O	O	O	O	O
rapport	O	O	O	O	O	O	O	O
te	O	O	O	O	O	O	O	O
doen	O	O	O	O	O	O	O	O
.	O	O	O	O	O	O	O	O
De	O	O	O	O	O	O	O	O
Heeren	O	O	O	B-ORG	O	O	O	O	Heeren Gedeputeerden van de Provincie van Holland en Westvriesland
Gedeputeerden	O	O	O	I-ORG	O	O	O	O
van	O	O	O	I-ORG	O	O	O	O
de	O	O	O	I-ORG	O	O	O	O
Provincie	O	O	O	I-ORG	O	O	O	O
van	O	O	O	I-ORG	O	O	O	O
Holland	O	O	O	I-ORG	O	O	O	O
en	O	O	O	I-ORG	O	O	O	O
Westvriesland	O	O	O	I-ORG	O	O	O	O
hebben	O	O	O	O	O	O	O	O
gedeclareert	O	O	O	O	O	O	O	O
in	O	O	O	O	O	O	O	O
de	O	O	O	O	O	O	O	O
voorschreeve	O	O	O	O	O	O	O	O
Conclusie	O	O	O	O	O	O	O	O
niet	O	O	O	O	O	O	O	O
te	O	O	O	O	O	O	O	O
hebben	O	O	O	O	O	O	O	O
geconsenteert	O	O	O	O	O	O	O	O
,	O	O	O	O	O	O	O	O
maar	O	O	O	O	O	O	O	O
deselve	O	O	O	O	O	O	O	O
te	O	O	O	O	O	O	O	O
moeten	O	O	O	O	O	O	O	O
tegenspreeken	O	O	O	O	O	O	O	O
,	O	O	O	O	O	O	O	O
als	O	O	O	O	O	O	O	O
zynde	O	O	O	O	O	O	O	O
het	O	O	O	O	O	O	O	O
overgesonden	O	O	O	O	O	O	O	O
Stuck	O	O	O	O	O	O	O	O
door	O	O	O	O	O	O	O	O
Raaden	B-HOE	O	O	O	O	O	O	O	Raaden en Generaalmeesters van de Munten
en	I-HOE	O	O	O	O	O	O	O
Generaalmeesters	I-HOE	O	O	O	O	O	O	O
van	I-HOE	O	O	O	O	O	O	O
de	I-HOE	O	O	O	O	O	O	O
Munten	I-HOE	O	O	O	O	O	O	O
geen	O	O	O	O	O	O	O	O
ohject	O	O	O	O	O	O	O	O
van	O	O	O	O	O	O	O	O
deliberatie	O	O	O	O	O	O	O	O
van	O	O	O	O	O	O	O	O
deese	O	O	O	O	O	O	O	O
Vergaderinge	O	O	O	O	O	O	O	O
,	O	O	O	O	O	O	O	O
en	O	O	O	O	O	O	O	O
reeds	O	O	O	O	O	O	O	O
by	O	O	O	O	O	O	O	O
der	O	O	O	O	O	O	O	O
selver	O	O	O	O	O	O	O	O
Heeren	O	O	O	O	O	O	O	O
Principaalen	O	O	O	O	O	O	O	O
,	O	O	O	O	O	O	O	O
met	O	O	O	O	O	O	O	O
Raaden	B-HOE	O	O	O	O	O	O	O	Raaden en Generaalmeesters van de Munten
en	I-HOE	O	O	O	O	O	O	O
Generaalmeesters	I-HOE	O	O	O	O	O	O	O
van	I-HOE	O	O	O	O	O	O	O
de	I-HOE	O	O	O	O	O	O	O
Munten	I-HOE	O	O	O	O	O	O	O
commissoriaal	O	O	O	O	O	O	O	O
gemaackt	O	O	O	O	O	O	O	O
,	O	O	O	O	O	O	O	O
en	O	O	O	O	O	O	O	O
waar	O	O	O	O	O	O	O	O
omtrent	O	O	O	O	O	O	O	O
Raaden	B-HOE	O	O	O	O	O	O	O	Raaden en Generaalmeesters
en	I-HOE	O	O	O	O	O	O	O
Generaalmeesters	I-HOE	O	O	O	O	O	O	O
onbevoeght	O	O	O	O	O	O	O	O
zyn	O	O	O	O	O	O	O	O
geweest	O	O	O	O	O	O	O	O
,	O	O	O	O	O	O	O	O
om	O	O	O	O	O	O	O	O
daar	O	O	O	O	O	O	O	O
van	O	O	O	O	O	O	O	O
hct	O	O	O	O	O	O	O	O
tegenwoordige	O	O	O	O	O	O	O	O
gebruyck	O	O	O	O	O	O	O	O
te	O	O	O	O	O	O	O	O
maacken	O	O	O	O	O	O	O	O
.	O	O	O	O	O	O	O	O
